100
665 753081406050185030
28671781471771143 603123353262620078
166550002781736756 644370300373763248
238 260023118540454676
633 684077065457674368
657464435531773261 657464435531773268
877 484307601728177555
777 848886407474138112
77776 77777
661 740704184640646835
885523330251242875 885523330251242878
366 605534332635702052
334 286062324640232223
77113455150263657 77113455150263660
176706741223030873 176706741223030875
88 844758423626644262
320 722246801454543041
152 730380686031283326
64601831654410677 147471047855640204
568 367864102555737513
161363060454131236 680125240002143068
485810345400211767 485810345400211770
260843610274885308 260843610274885310
1 2
445283488733078417 471474246357653273
277687313315350862 277687313315350864
527780321884767342 527780321884767345
667 308356616326320384
110188086038101667 137837677437871022
723 472405604637117038
201 673423506178525805
47 245128177126306120
116850627804673470 845422574553243064
750 681603054641127584
436 608171873426627425
388 682652726071208237
765824382571662272 765824382571662276
460 336575114452430354
7420182766142442 7420182766142444
146 566601672350286147
605 560536241738080862
882128657618152303 882128657618152306
853 418838482160332178
2 3
313 507617164278876434
130 665831446045355140
12 881841134501180561
640883420651207852 640883420651207854
1 1000000000000000000
287776311548615875 428216883023764137
530286451072251871 530286451072251877
626 722013348604310731
153734280155331676 500488354744123616
317 275223453658563731
245 755038710881582243
327 774380534514573241
284 581324877017687635
405088658686330025 405088658686330031
1000 830421478878865652
12 653546657565704810
831 136824712018320143
766 336471125212766123
114 365734785375772280
24203013336037840 707471511687513101
50 724716066688728222
16 26
785817872176745320 785817872176745324
676 858205770373381375
12821160327832166 583565233163135101
330776441705410428 622260045422138274
170 610311221421066240
135780653313650221 550810548653161517
876 643111458474534010
53 225766840364067075
263 472874478473205845
72702427200804812 72702427200804817
45222252142328623 45222252142328624
82415563466666075 165177534845662574
5853117265543387 778755204153202732
438 565077158825086088
343433426412813026 343433426412813034
227 816224408224181574
131 511306721282762260
741 313270173438505603
233 264177568315562624
276 464620114382258221
622440810847464275 817813052240011544
21880846145753684 535148170676638780
304 127358284320587622
174240462888871042 174240462888871051
110 231577688554525208
755 204613871336850334
148 726518286717721176
401 165714537856711760
164255154002783071 286212440766120028
133272532518454247 735472221506676581
266781181482782104 266781181482782110
77 662277630603767600
427021417707881716 601432812401286202
88 102
