100
803 543818
706278 706287
186631 186641
2 3
638 751434
161588 718565
248 730831
824240 824241
636 545513
645 744117
187 531335
346427 701265
141874 141878
755 572461
336 138063
506 575362
424536 424545
357 502440
804044 804054
478 810624
433567 433571
830 301402
258203 480526
316 857225
765353 765363
768 367318
202 670637
432085 432087
617 653450
618 256722
344 102505
844557 844565
875 114504
221 437351
77776 77777
170714 170723
554 301557
657374 767327
235740 235743
785434 785440
808 783803
438027 546243
755 635510
17736 17741
565255 565257
256 727341
138 425463
236750 741062
221 621573
817 447816
372407 404626
87151 432517
1 1000000
580040 777041
562 183652
16 26
564 313153
115046 565430
380 137721
830 627022
881 643475
14 572435
167843 167844
435576 435578
58 644366
186402 205635
508 635817
318 222263
281 482287
88 102
456 604383
730 662863
744 511364
5 760587
12147 157744
507 131887
147437 230620
204 514815
644286 670252
332 165387
314855 805587
716 655414
205031 404416
488 577088
667 175775
307454 723803
266 450130
303 541754
388 526686
1 2
538346 727743
287 288710
656 503242
520 564664
116763 427745
48266 847126
854024 854031
107571 107575
13 332367
604160 604166
